(3,4)
(3,6)
(3,7)
(3,8)
(3,9)
(3,13)
(3,14)
(4,6)
(4,7)
(4,8)
(4,9)
(4,13)
(4,14)
(6,7)
(6,8)
(6,9)
(6,13)
(6,14)
(7,8)
(7,9)
(7,13)
(7,14)
(8,9)
(8,13)
(8,14)
(9,13)
(9,14)
(13,14)


RANDOMIZED MULTI GB's (Each number representing line of grouping in this file):
------------------
2 GB: 20, 15
4 GB: 9, 26, 13, 10
6 GB: 28, 15, 22, 16, 17, 6
8 GB: 20, 15, 18, 7, 28, 10, 19, 27
10 GB: 17, 5, 10, 28, 24, 23, 2, 21, 12, 20
20 GB: 3, 4, 5, 6, 9, 10, 11, 12, 14, 16, 17, 18, 19, 20, 21, 22, 24, 25, 26, 27
25 GB: 1, 2, 3, 4, 5, 6, 7, 9, 11, 13, 14, 15, 16, 17, 18, 19, 20, 21, 22, 23, 24, 25, 26, 27, 28