TAX|LINESTATUS|LINENUMBER|
0.02|O|1|27654
0.06|O|2|24075
0.02|O|3|19680
0.06|O|4|15787
0.04|O|5|11875
0.02|O|6|8069
0.05|O|1|27827
0.00|F|1|27733
0.00|F|2|23906
0.07|F|3|19803
0.06|F|4|15829
0.00|F|5|11732
0.02|F|6|7962
0.08|O|1|27917
0.04|F|1|27794
0.08|F|2|23588
0.03|F|3|19886
0.03|F|1|27616
0.03|O|1|27955
0.08|O|2|24061
0.07|O|3|20044
0.04|O|4|15687
0.01|O|5|11810
0.03|O|6|7913
0.02|O|7|4127
0.00|O|2|23626
0.03|O|4|15842
0.06|O|5|12135
0.05|F|2|23618
0.00|F|4|15808
0.07|O|1|27657
0.06|O|3|19742
0.00|O|1|27843
0.04|O|3|19715
0.05|O|4|15844
0.02|F|2|23909
0.08|F|3|19757
0.06|O|1|27957
0.04|O|2|24075
0.08|O|3|20102
0.05|O|6|7840
0.02|F|1|28011
0.05|O|2|23601
0.08|F|1|27712
0.07|F|2|23606
0.04|O|1|27792
0.07|O|5|11976
0.05|O|3|20051
0.01|O|4|16027
0.06|O|6|7934
0.08|O|7|3980
0.07|F|1|27566
0.06|F|2|23810
0.00|F|3|19937
0.04|F|4|15837
0.04|F|5|12098
0.00|F|6|7886
0.05|F|3|19780
0.05|F|4|15818
0.03|F|6|8060
0.07|O|2|23867
0.01|O|6|8080
0.06|F|1|27886
0.02|F|3|19792
0.03|F|4|15865
0.01|F|1|27691
0.02|F|4|15899
0.00|O|5|11992
0.01|O|2|23478
0.01|O|3|19748
0.07|O|4|15778
0.06|F|3|19707
0.01|F|4|15726
0.01|F|6|7958
0.04|F|7|3990
0.05|F|1|27548
0.05|F|5|11851
0.04|F|2|23710
0.04|F|3|19934
0.02|F|5|12053
0.00|O|3|19597
0.01|O|1|27726
0.00|O|4|15878
0.07|O|6|7916
0.01|F|5|11775
0.04|F|6|7921
0.03|O|3|19982
0.02|O|4|16093
0.03|O|5|11862
0.01|F|7|3871
0.07|F|5|12058
0.06|O|7|3956
0.01|F|2|23878
0.00|F|7|3929
0.08|F|4|16034
0.06|F|5|11916
0.05|F|6|8087
0.01|F|3|19775
0.05|O|5|11904
0.08|F|5|11845
0.06|F|6|7930
0.03|O|2|23834
0.08|O|4|16106
0.03|F|2|23874
0.02|F|7|3896
0.08|O|5|11811
0.00|O|6|7809
0.04|O|7|3913
0.07|O|7|4027
0.03|F|5|11877
0.07|F|6|7828
0.08|O|6|7987
0.02|O|2|23798
0.08|F|6|7984
0.03|O|7|3927
0.07|F|4|15868
0.06|F|7|3976
0.03|F|7|3888
0.07|F|7|4001
0.05|F|7|4117
0.02|O|5|11959
0.04|O|6|7843
0.08|F|7|3985
0.01|O|7|3966
0.00|O|7|4064
0.05|O|7|3894
